0.000000000000000000e+00,1.094808081449349935e-01,1.995970278821590504e-01,7.892142237426458262e-01,1.021400328740730501e+00
0.000000000000000000e+00,2.813303132923516969e+00,9.538438281724264556e+00,1.048903762393954686e+01,9.204541939174887943e+00
0.000000000000000000e+00,3.511464765761795892e+00,1.567687955477737383e+01,2.620173912363481605e+01,2.814628874426793459e+01
0.000000000000000000e+00,6.694808081449399317e-01,2.395970278821657473e-01,1.392142237426452489e-01,1.914003287407387011e-01
0.000000000000000000e+00,1.788303132923518834e+00,3.303438281724274894e+00,2.174037623939530040e+00,2.445419391748811233e-01
0.000000000000000000e+00,1.416464765761793476e+00,5.311879554777370949e+00,6.966739123634823727e+00,7.091288744267940203e+00
0.000000000000000000e+00,1.394808081449316894e-01,1.104029721178345635e-01,7.857762573504345482e-04,4.140032874073856783e-02
0.000000000000000000e+00,8.483031329235113382e-01,1.808438281724272789e+00,7.640376239395409996e-01,8.454580608251098806e-01
0.000000000000000000e+00,1.381464765761786229e+00,3.016879554777379902e+00,3.656739123634833444e+00,3.441288744267942512e+00
0.000000000000000000e+00,2.488438458329977898e+00,9.418915265112431712e+00,1.036671026805423779e+01,8.933163633290618577e+00
0.000000000000000000e+00,3.331463231806786052e+00,1.551711051711455269e+01,2.563936944090527348e+01,2.770963632926595110e+01
0.000000000000000000e+00,1.063438458329979408e+00,2.943915265112423185e+00,1.686710268054234074e+00,5.816363329061990939e-02
0.000000000000000000e+00,2.106463231806787739e+00,5.482110517114557879e+00,6.369369440905275681e+00,6.584636329265952881e+00
0.000000000000000000e+00,4.384384583299816285e-01,1.633915265112417803e+00,3.217102680542177628e-01,9.818363667093710223e-01
0.000000000000000000e+00,1.051463231806804011e+00,2.807110517114552728e+00,3.534369440905277493e+00,3.249636329265959134e+00
0.000000000000000000e+00,2.864574146854592662e-01,9.638703745753318675e-01,2.432611201071066542e+00,1.615502180957757661e+00
0.000000000000000000e+00,3.567466075612979459e-01,9.473811057639391908e-01,3.026172297946660983e+00,4.199574995482073803e+00
0.000000000000000000e+00,1.457414685457347758e-03,1.538703745753433605e-01,1.676112010710439915e-01,6.805021809577440628e-01
0.000000000000000000e+00,3.932533924386971691e-01,7.223811057639362154e-01,7.811722979466473316e-01,6.495749954820704275e-01
0.000000000000000000e+00,9.854258531454274106e-02,3.887037457533382145e-02,2.576112010710562839e-01,4.655021809577622460e-01
0.000000000000000000e+00,9.325339243868580041e-02,6.223811057639361266e-01,4.861722979466687189e-01,2.095749954820577687e-01
0.000000000000000000e+00,5.349192212871978214e+00,1.630023087114627600e+01,1.894027850087178066e+01,1.758033638403498955e+01
0.000000000000000000e+00,2.954179103400389472e+00,7.793893325823875173e+00,9.259855079669021549e+00,8.921315550452829868e+00
0.000000000000000000e+00,3.721416553936707228e+00,1.612830575989421078e+01,2.944972161504682973e+01,3.820044703299201672e+01
0.000000000000000000e+00,5.342977477089039695e+00,1.640340671309202136e+01,1.904438693162448004e+01,1.763398765184089712e+01
0.000000000000000000e+00,2.594192212871970771e+00,5.975230871146281153e+00,3.480278500871783365e+00,4.953363840350069602e-01
0.000000000000000000e+00,1.154179103400376771e+00,3.133893325823883025e+00,2.729855079669024853e+00,2.451315550452803915e+00
0.000000000000000000e+00,1.751416553936702147e+00,6.003305759894206339e+00,8.774721615046832568e+00,8.900447032992008900e+00
0.000000000000000000e+00,2.567977477089045113e+00,5.523406713092033016e+00,4.009386931624490558e+00,2.388987651840911219e+00
0.000000000000000000e+00,1.419192212871966952e+00,4.190230871146277458e+00,1.655278500871790293e+00,1.059663615964999472e+00
0.000000000000000000e+00,4.841791034003728456e-01,1.773893325823883149e+00,1.339855079669038940e+00,4.963155504528249384e-01
0.000000000000000000e+00,1.141416553936702716e+00,3.593305759894216411e+00,3.524721615046827239e+00,3.530447032992017675e+00
0.000000000000000000e+00,1.667977477089044314e+00,3.098406713092022535e+00,2.174386931624487485e+00,6.839876518408991579e-01
0.000000000000000000e+00,3.692207346141729296e-01,1.324103812022525695e-01,1.674294680840254790e+00,2.580074960317410682e+00
0.000000000000000000e+00,3.290127647447738113e-01,1.248079861539186375e-01,1.454919791249947858e+00,4.912969229729391429e+00
0.000000000000000000e+00,1.422073461416761830e-02,8.758961879775095660e-02,3.042946808402557934e-01,1.190074960317408337e+00
0.000000000000000000e+00,8.598723525523599420e-02,7.951920138460910614e-01,5.599197912499520591e-01,1.342969229729396030e+00
0.000000000000000000e+00,4.922073461416376361e-02,1.424103812022459170e-01,2.192946808402707060e-01,4.550749603173948055e-01
0.000000000000000000e+00,1.609872352552277341e-01,2.351920138460861232e-01,4.549197912499525209e-01,7.279692297293804959e-01
