# t lambda=1.3 error lambda=1.6 error lambda=2 error lambda=2.3 error Raw error Noiseless
0.000000000000000000e+00 2.152999999999999081e-01 4.075796393028099235e-02 2.347999999999999809e-01 4.207639047940921889e-02 2.774999999999999134e-01 4.447205218941667482e-02 2.989999999999999325e-01 4.550676093476564710e-02 1.756000000000007000e-01 3.804794869634898612e-03 0.000000000000000000e+00 0.000000000000000000e+00
3.947368421052631504e+01 1.571999999999997844e-01 3.601267645132486678e-02 1.797999999999998488e-01 3.809166400553676973e-02 2.088999999999997526e-01 4.034146725627676955e-02 2.293999999999998263e-01 4.169023055569064107e-02 1.331000000000014394e-01 3.396827784860472887e-03 2.880000000000004778e-02 1.672440133457698533e-03
7.894736842105263008e+01 1.352999999999998648e-01 3.384035388510688025e-02 1.566999999999998672e-01 3.602609504564231041e-02 1.740999999999997827e-01 3.757532152338178416e-02 1.910999999999997145e-01 3.895900140133327916e-02 1.171000000000013697e-01 3.215394066051641044e-03 4.849999999999993205e-02 2.148202737173564476e-03
1.184210526315789451e+02 1.207999999999998381e-01 3.221270149523575849e-02 1.316999999999998727e-01 3.342943649032716069e-02 1.492999999999998773e-01 3.540134377144157907e-02 1.696999999999998787e-01 3.725377138509225472e-02 1.068000000000012828e-01 3.088588026914580557e-03 4.590000000000005187e-02 2.092682250127812348e-03
1.578947368421052602e+02 1.120999999999998803e-01 3.107279141682360232e-02 1.192999999999998922e-01 3.201013894894640111e-02 1.357999999999998375e-01 3.387689208231267624e-02 1.396999999999998798e-01 3.437855400035846887e-02 9.620000000000122897e-02 2.948653251910115895e-03 3.379999999999999671e-02 1.807140282324534893e-03
1.973684210526315610e+02 9.769999999999985640e-02 2.939200266988441571e-02 1.069999999999998175e-01 3.045981354658398171e-02 1.197999999999998649e-01 3.210350644850857443e-02 1.278999999999998749e-01 3.298426233878090641e-02 8.440000000000114078e-02 2.779867622747546341e-03 2.480000000000009974e-02 1.555151439571082067e-03
2.368421052631578902e+02 9.089999999999986979e-02 2.837187378163560925e-02 9.909999999999988263e-02 2.941749356489152534e-02 1.158999999999998504e-01 3.168685265860800987e-02 1.294999999999998652e-01 3.324934052833607850e-02 7.700000000000128964e-02 2.665914477247930976e-03 2.110000000000006315e-02 1.437177442071787365e-03
2.763157894736842195e+02 8.869999999999991780e-02 2.797901472029875117e-02 9.739999999999988944e-02 2.929058232967937311e-02 1.081999999999997963e-01 3.062129575067095225e-02 1.234999999999997766e-01 3.255086561461863898e-02 7.670000000000137819e-02 2.661148436295900348e-03 2.049999999999996270e-02 1.417030345476058030e-03
3.157894736842105203e+02 8.849999999999988431e-02 2.785481939910699339e-02 9.089999999999989755e-02 2.816917686314023353e-02 1.080999999999998490e-01 3.070020483717999377e-02 1.170999999999999264e-01 3.171921199054926477e-02 7.500000000000134337e-02 2.633913438213206486e-03 2.210000000000000853e-02 1.470088092598535647e-03
3.552631578947368212e+02 8.689999999999989400e-02 2.771816248596332619e-02 9.719999999999986984e-02 2.924443650018780996e-02 1.073999999999998289e-01 3.063123199694870943e-02 1.191999999999998339e-01 3.200203838020992952e-02 7.120000000000109575e-02 2.571586280878029439e-03 2.469999999999999973e-02 1.552092458586150098e-03
3.947368421052631220e+02 8.449999999999983913e-02 2.730638875689742756e-02 9.499999999999989009e-02 2.883851674325145498e-02 1.097999999999998560e-01 3.088623826036917056e-02 1.152999999999998332e-01 3.155542801672736597e-02 7.290000000000107505e-02 2.599722869845955738e-03 2.839999999999998082e-02 1.661127328051645183e-03
4.342105263157894797e+02 8.399999999999988032e-02 2.714718352310705948e-02 9.199999999999988742e-02 2.850337088748533532e-02 1.031999999999999029e-01 3.005840651992612578e-02 1.155999999999998695e-01 3.156376591679097704e-02 7.840000000000069136e-02 2.688000000000011127e-03 2.970000000000000417e-02 1.697583871271166446e-03
4.736842105263157805e+02 8.539999999999992042e-02 2.748568716368048406e-02 9.549999999999993217e-02 2.885366819235467284e-02 1.007999999999998897e-01 2.967699877121807855e-02 1.136999999999998290e-01 3.138562581357987741e-02 7.830000000000114646e-02 2.686430903634056972e-03 3.100000000000002753e-02 1.733176274935703878e-03
5.131578947368420813e+02 8.139999999999987523e-02 2.686956171828808540e-02 9.629999999999989957e-02 2.905821668101542590e-02 1.015999999999998710e-01 2.974466187057386163e-02 1.120999999999998525e-01 3.110847268946341851e-02 8.100000000000084910e-02 2.728351150420354511e-03 3.049999999999997158e-02 1.719585705918724337e-03
5.526315789473684390e+02 8.479999999999986160e-02 2.734245433475931270e-02 9.139999999999988411e-02 2.844950232934657930e-02 1.012999999999998485e-01 2.973790401095358429e-02 1.141999999999998711e-01 3.134320545288125232e-02 8.130000000000092708e-02 2.732952798714254755e-03 3.070000000000006057e-02 1.725036521352520721e-03
5.921052631578946830e+02 8.419999999999991380e-02 2.722839024847404157e-02 8.869999999999991780e-02 2.801057408206875446e-02 1.014999999999998959e-01 2.960762550509308741e-02 1.083999999999998437e-01 3.060658316318585689e-02 7.520000000000082174e-02 2.637137842434496195e-03 3.200000000000002842e-02 1.760000000000000713e-03
6.315789473684210407e+02 7.759999999999983578e-02 2.629047665231259295e-02 9.119999999999990614e-02 2.822683976921551777e-02 9.959999999999992470e-02 2.936447774648455120e-02 1.110999999999998655e-01 3.087998053929622358e-02 7.470000000000109885e-02 2.629066564391265709e-03 3.030000000000004912e-02 1.714115223664968487e-03
6.710526315789473983e+02 8.129999999999990012e-02 2.685914063210926780e-02 8.879999999999985127e-02 2.800786995180121544e-02 9.949999999999990796e-02 2.936113100670374385e-02 1.138999999999999041e-01 3.126910856256089055e-02 7.510000000000127685e-02 2.635526323146879062e-03 2.959999999999995968e-02 1.694810903906390429e-03
7.105263157894736423e+02 8.029999999999987148e-02 2.663012491361884532e-02 9.219999999999989315e-02 2.854259175922689226e-02 1.063999999999999113e-01 3.038440066163845127e-02 1.089999999999999025e-01 3.065451207468902761e-02 7.420000000000093188e-02 2.620960892497268668e-03 2.839999999999998082e-02 1.661127328051645183e-03
7.500000000000000000e+02 8.139999999999986136e-02 2.690555747321628222e-02 8.629999999999987681e-02 2.767027315770041393e-02 1.003999999999998088e-01 2.955718762630867719e-02 1.095999999999999752e-01 3.087614473311228389e-02 7.330000000000114202e-02 2.606282985402793347e-03 2.520000000000000018e-02 1.567321281677754898e-03
